0	1e-05	0.994	0
1e-05	0.000823387	0.994	-2.00158e-05
0.000833387	0.000975169	0.993892	-0.00165862
0.00180856	0.00100777	0.99351	-0.00352883
0.00281633	0.00114842	0.992885	-0.00532464
0.00396475	0.00135733	0.991979	-0.00717384
0.00532208	0.00161318	0.990751	-0.00910211
0.00693526	0.00191897	0.989184	-0.0110897
0.00885423	0.00231339	0.987268	-0.0131208
0.0111676	0.00284136	0.984961	-0.0152141
0.014009	0.00355277	0.982179	-0.0174043
0.0175617	0.00451392	0.978811	-0.0197269
0.0220757	0.00581918	0.974703	-0.0222145
0.0278949	0.00760591	0.969652	-0.0248943
0.0355008	0.0100776	0.96339	-0.0277824
0.0455784	0.0135426	0.955545	-0.0308731
0.059121	0.0184825	0.945602	-0.0341136
0.0776034	0.0254159	0.932815	-0.0373516
0.103019	0.0338503	0.916235	-0.0401991
0.13687	0.0454374	0.895336	-0.0418298
0.182307	0.061289	0.868611	-0.0409595
0.243596	0.0833645	0.833953	-0.0351589
0.32696	0.115725	0.787991	-0.0197798
0.442685	0.150119	0.724182	0.0147285
0.592805	0.139	0.636983	0.0810431
0.731805	0.123683	0.545766	0.162259
0.855487	0.11042	0.449842	0.24648
0.965907	0.0999368	0.348053	0.324665
1.06584	0.0912514	0.241989	0.390384
1.1571	0.0872849	0.136469	0.440368
1.24438	0.0902644	0.0327508	0.476542
1.33464	0.0997096	-0.0719048	0.502526
1.43435	0.113606	-0.179503	0.521249
1.54796	0.128589	-0.288494	0.53585
1.67655	0.138135	-0.393476	0.550836
1.81468	0.155915	-0.485802	0.570885
1.9706	0.17944	-0.567088	0.602065
2.15004	0.2071	-0.633607	0.650167
2.35714	0.236426	-0.677676	0.719564
2.59356	0.264722	-0.688759	0.810316
2.85829	0.292464	-0.656575	0.915185
3.15075	0.316651	-0.574923	1.01965
3.4674	0.33212	-0.447016	1.10228
3.79952	0.312154	-0.291425	1.14095
4.11168	0.301845	-0.149726	1.12711
4.41352	0.27644	-0.0398028	1.06988
4.68996	0.254626	0.0199076	0.986269
4.94459	0.234978	0.0278853	0.889581
5.17957	0.202852	-0.0128464	0.787254
5.38242	0.176046	-0.088873	0.687363
5.55846	0.156572	-0.184798	0.586255
5.71504	0.131075	-0.2877	0.477765
5.84611	0.11182	-0.377663	0.369368
5.95793	0.102058	-0.449172	0.265059
6.05999	0.101926	-0.5055	0.164392
6.16192	0.110284	-0.551829	0.0639601
6.2722	0.126825	-0.592343	-0.0390555
6.39902	0.150088	-0.631039	-0.145268
6.54911	0.154287	-0.672845	-0.250659
6.7034	0.1702	-0.717242	-0.335454
6.8736	0.191986	-0.771481	-0.402484
7.06559	0.216508	-0.839937	-0.446901
7.28209	0.240514	-0.923553	-0.460325
7.52261	0.261722	-1.0177	-0.433914
7.78433	0.281059	-1.11151	-0.362294
8.06539	0.303022	-1.19023	-0.245908
8.36841	0.33746	-1.23789	-0.0904188
8.70587	0.323496	-1.23711	0.0952941
9.02937	0.31716	-1.18337	0.259633
9.34653	0.302781	-1.08943	0.383959
9.64931	0.269959	-0.976312	0.450631
9.91927	0.243096	-0.87044	0.456198
10.1624	0.217669	-0.781451	0.411278
10.38	0.192835	-0.711806	0.326605
10.5729	0.168149	-0.657132	0.213414
10.741	0.144113	-0.608926	0.0843277
10.8851	0.124082	-0.559099	-0.0465183
11.0092	0.109755	-0.503461	-0.168418
11.119	0.101989	-0.442083	-0.276406
11.221	0.102319	-0.376374	-0.371064
11.3233	0.111699	-0.30619	-0.45692
11.435	0.133528	-0.230461	-0.53917
11.5685	0.141985	-0.148208	-0.623803
11.7105	0.150628	-0.0761799	-0.701856
11.8611	0.167135	-0.0199392	-0.775846
12.0283	0.188755	0.0177872	-0.850809
12.217	0.213372	0.0308791	-0.92804
12.4304	0.237833	0.0119147	-1.00494
12.6682	0.259431	-0.0447112	-1.07401
12.9276	0.278859	-0.138874	-1.12381
13.2065	0.300797	-0.263377	-1.14209
13.5073	0.323172	-0.40562	-1.11812
13.8305	0.322711	-0.544161	-1.04531
14.1532	0.313235	-0.644793	-0.935769
14.4664	0.290938	-0.688467	-0.812433
14.7574	0.247263	-0.67011	-0.701985
15.0046	0.211586	-0.603783	-0.624656
15.2162	0.180992	-0.505574	-0.576948
15.3972	0.153646	-0.386965	-0.549813
15.5508	0.129464	-0.257718	-0.531937
15.6803	0.110771	-0.127263	-0.512983
15.7911	0.0984262	-0.00212268	-0.48626
15.8895	0.0904619	0.114547	-0.449016
15.98	0.0868786	0.220227	-0.401896
16.0668	0.0896617	0.315099	-0.346826
16.1565	0.100601	0.40296	-0.284231
16.2571	0.113936	0.488715	-0.213197
16.371	0.117133	0.571954	-0.138488
16.4882	0.125421	0.646614	-0.0728755
16.6136	0.138685	0.719232	-0.0179049
16.7523	0.12299	0.795726	0.0230334
16.8753	0.0867583	0.864263	0.0405969
16.962	0.0498391	0.916166	0.040287
17.0119	0.0252641	0.949801	0.0329026
17.0371	0.0115444	0.969515	0.0250296
17.0487	0.00592628	0.97978	0.0191511
17.0546	0.0035829	0.985515	0.0147989
17.0582	0.00244738	0.989086	0.0112637
17.0606	0.00167106	0.991428	0.00816344
17.0623	0.00131411	0.992813	0.00558069
17.0636	0.00113909	0.99362	0.00324301
17.0648	0.00102771	0.993991	0.00103657
17.0658	0.000977339	0.993993	-0.00101083
17.0668	0.000989659	0.993701	-0.00291343
17.0678	0.0011005	0.993161	-0.00472402
17.0689	0.00128958	0.992353	-0.00656024
17.0701	0.00153354	0.991234	-0.00847318
17.0717	0.00182143	0.989777	-0.010456
17.0735	0.00218354	0.987974	-0.0124843
17.0757	0.00266482	0.985796	-0.014566
17.0783	0.00331272	0.983174	-0.0167328
17.0817	0.00418723	0.980004	-0.0190211
17.0858	0.00537251	0.976147	-0.021465
17.0912	0.00699036	0.971417	-0.0240939
17.0982	0.00922015	0.965569	-0.0269288
17.1074	0.0123314	0.958268	-0.0299729
17.1198	0.0167406	0.949051	-0.0331925
17.1365	0.0231161	0.937256	-0.0364758
17.1596	0.0309422	0.921906	-0.0395432
17.1906	0.0414463	0.902485	-0.0416839
17.232	0.0558056	0.877755	-0.0418197
17.2878	0.075653	0.845842	-0.0379577
17.3635	0.104088	0.80387	-0.0263178
17.4676	0.150036	0.746679	0.000630191
17.6176	0.142754	0.661346	0.0604192
17.7603	0.127765	0.571226	0.138703
17.8881	0.113591	0.476727	0.223103
18.0017	0.102514	0.376594	0.303612
18.1042	0.0932124	0.271278	0.373231
18.1974	0.0875419	0.165189	0.427497
18.285	0.088529	0.061162	0.46701
18.3735	0.0962514	-0.04292	0.495352
18.4697	0.109167	-0.149632	0.515626
18.5789	0.124018	-0.258629	0.530754
18.7029	0.134226	-0.365316	0.544798
18.8372	0.149826	-0.461024	0.56246
18.987	0.171848	-0.545853	0.589487
19.1588	0.19852	-0.617533	0.631814
19.3574	0.227719	-0.669484	0.694491
19.5851	0.256559	-0.691788	0.779261
19.8416	0.284143	-0.673604	0.881263
20.1258	0.310965	-0.607193	0.987904
20.4367	0.329656	-0.491734	1.07995
20.7664	0.316749	-0.341156	1.13381
21.0831	0.30398	-0.193404	1.13517
21.3871	0.284184	-0.0722777	1.09027
21.6713	0.260662	0.00344883	1.01309
21.932	0.240866	0.0271863	0.919375
